23.017822265625
24.466964721679688
28.108291625976562
25.270980834960938
27.508514404296875
19.206100463867188
23.890182495117188
25.229812622070312
22.890380859375
23.1348876953125
21.948226928710938
22.7869873046875
22.093353271484375
21.73748779296875
26.21185302734375
22.728118896484375
16.56707763671875
19.695068359375
19.572021484375
23.94281005859375
21.319488525390625
23.762588500976562
23.917495727539062
23.867218017578125
26.460586547851562
21.017715454101562
18.69183349609375
22.64349365234375
20.18927001953125
20.423233032226562
23.184188842773438
22.794952392578125
21.5732421875
25.499847412109375
20.877731323242188
20.602066040039062
21.211441040039062
28.334945678710938
23.400970458984375
24.025360107421875
22.066009521484375
17.03631591796875
21.864974975585938
24.175399780273438
18.212860107421875
22.56414794921875
20.527664184570312
26.7249755859375
26.146163940429688
23.049224853515625
18.835357666015625
27.739166259765625
23.16497802734375
19.348236083984375
26.979766845703125
22.700775146484375
19.940994262695312
24.205703735351562
22.598800659179688
25.658676147460938
20.210617065429688
23.822357177734375
20.177154541015625
25.814346313476562
19.855560302734375
27.238235473632812
24.640274047851562
25.1015625
25.658660888671875
28.310943603515625
23.448043823242188
25.04327392578125
28.544143676757812
20.650558471679688
18.672164916992188
21.510589599609375
17.08319091796875
19.161056518554688
25.05609130859375
18.7962646484375
22.25885009765625
23.999435424804688
22.258224487304688
18.693389892578125
23.170394897460938
16.879638671875
19.899932861328125
22.396270751953125
24.93597412109375
24.013717651367188
21.846145629882812
26.393295288085938
21.8511962890625
25.312957763671875
20.55194091796875
23.185501098632812
22.4776611328125
21.340560913085938
23.138992309570312
20.445144653320312
26.672348022460938
20.513595581054688
28.634719848632812
21.5064697265625
26.715118408203125
21.775924682617188
22.409011840820312
26.154083251953125
23.726425170898438
27.649032592773438
21.73919677734375
23.072067260742188
20.612350463867188
28.622451782226562
26.104644775390625
22.655731201171875
22.7249755859375
25.537826538085938
28.940383911132812
20.505584716796875
25.483230590820312
23.541458129882812
20.082717895507812
22.580123901367188
33.55760192871094
25.597991943359375
25.623397827148438
23.695953369140625
